0,-62.85;0,-22.03
0,-63.99;0,-21.99
0,-64.38;0,-22.8
0,-64.96;0,-22.08
0,-66.27;0,-21.83
0,-67.11;0,-22.74
0,-67.83;0,-22.87
0,-68.22;0,-21.49
0,-68.76;0,-20.37
0,-68.44;0,-19.41
0,-68.97;0,-18.98
0,-69.1;0,-18.26
0,-69.59;0,-17.58
0,-68.96;0,-16.5
0,-69.39;0,-15.66
0,-69.16;0,-15.32
0,-69.34;0,-14.95
0,-68.95;0,-14.45
0,-68.93;0,-13.6
0,-68.88;0,-12.9
0,-68.67;0,-12.56
0,-69.53;0,-10.95
0,-68.79;0,-11.04
0,-68.27;0,-11.01
0,-68.05;0,-10.71
0,-67.17;0,-10.31
0,-66.65;0,-9.93
0,-65.34;0,-9.76
0,-65.44;0,-10.51
0,-65.32;0,-10.9
0,-65.4;0,-11.57
0,-64.32;0,-12.46
0,-63.2;0,-12.63
0,-62.8;0,-13
0,-62.13;0,-13.2
0,-61.71;0,-13.49
0,-61.08;0,-13.48
0,-60.5;0,-13.78
0,-60.46;0,-14.35
0,-60.26;0,-14.65
0,-60.25;0,-15.08
0,-60.54;0,-15.09
0,-60.16;0,-16.26
0,-58.24;0,-16.3
0,-58.39;0,-16.88
0,-58.28;0,-17.27
0,-57.73;0,-17.55
0,-57.5;0,-18.17
0,-57.68;0,-18.96
0,-57.95;0,-19.4
0,-57.85;0,-19.97
0,-58.17;0,-20.18
0,-58.18;0,-19.87
0,-59.12;0,-19.36
0,-60.04;0,-19.34
0,-61.79;0,-19.63
0,-62.27;0,-20.51
0,-62.29;0,-21.05
0,-62.69;0,-22.25
0,-62.85;0,-22.03
0,-130.54;0,54.8
0,-129.98;0,55.29
0,-130.01;0,55.92
0,-131.71;0,56.55
0,-132.73;0,57.69
0,-133.36;0,58.41
0,-134.27;0,58.86
0,-134.95;0,59.27
0,-135.48;0,59.79
0,-136.48;0,59.46
0,-137.45;0,58.91
0,-138.34;0,59.56
0,-139.04;0,60
0,-140.01;0,60.28
0,-141;0,60.31
0,-140.99;0,66
0,-140.99;0,69.71
0,-117.13;0,32.54
0,-115.99;0,32.61
0,-114.72;0,32.72
0,-114.82;0,32.53
0,-113.3;0,32.04
0,-111.02;0,31.33
0,-109.04;0,31.34
0,-108.24;0,31.34
0,-108.24;0,31.75
0,-106.51;0,31.75
0,-106.14;0,31.4
0,-105.63;0,31.08
0,-105.04;0,30.64
0,-104.71;0,30.12
0,-104.46;0,29.57
0,-103.94;0,29.27
0,-103.11;0,28.97
0,-102.48;0,29.76
0,-101.66;0,29.78
0,-100.96;0,29.38
0,-100.46;0,28.7
0,-100.11;0,28.11
0,-99.52;0,27.54
0,-99.3;0,26.84
0,-99.02;0,26.37
0,-98.24;0,26.06
0,-97.53;0,25.84
0,-97.14;0,25.87
0,-90.1;0,13.74
0,-90.06;0,13.88
0,-89.72;0,14.13
0,-89.53;0,14.24
0,-89.59;0,14.36
0,-89.35;0,14.42
0,-89.15;0,14.68
0,-89.23;0,14.87
0,-89.15;0,15.07
0,-88.68;0,15.35
0,-88.23;0,15.73
0,-92.23;0,14.54
0,-92.2;0,14.83
0,-92.09;0,15.06
0,-92.23;0,15.25
0,-91.75;0,16.07
0,-90.46;0,16.07
0,-90.44;0,16.41
0,-90.6;0,16.47
0,-90.71;0,16.69
0,-91.08;0,16.92
0,-91.45;0,17.25
0,-91;0,17.25
0,-91;0,17.82
0,-90.07;0,17.82
0,-89.14;0,17.81
0,-88.93;0,15.89
0,-89.23;0,15.89
0,-89.15;0,17.02
0,-89.14;0,17.81
0,-89.15;0,17.96
0,-89.03;0,18
0,-88.85;0,17.88
0,-88.49;0,18.49
0,-88.3;0,18.5
0,-89.35;0,14.42
0,-89.06;0,14.34
0,-88.84;0,14.14
0,-88.54;0,13.98
0,-88.5;0,13.85
0,-88.07;0,13.96
0,-87.86;0,13.89
0,-87.72;0,13.79
0,-87.79;0,13.38
0,-87.32;0,12.98
0,-87.01;0,13.03
0,-86.88;0,13.25
0,-86.73;0,13.26
0,-86.76;0,13.75
0,-86.52;0,13.78
0,-86.31;0,13.77
0,-86.1;0,14.04
0,-85.8;0,13.84
0,-85.7;0,13.96
0,-85.51;0,14.08
0,-85.17;0,14.35
0,-85.15;0,14.56
0,-85.05;0,14.55
0,-84.92;0,14.79
0,-84.82;0,14.82
0,-84.65;0,14.67
0,-84.45;0,14.62
0,-84.23;0,14.75
0,-83.98;0,14.75
0,-83.63;0,14.88
0,-83.49;0,15.02
0,-83.15;0,15
0,-82.97;0,8.23
0,-82.91;0,8.42
0,-82.83;0,8.63
0,-82.87;0,8.81
0,-82.72;0,8.93
0,-82.93;0,9.07
0,-82.93;0,9.48
0,-82.55;0,9.57
0,-83.66;0,10.94
0,-83.9;0,10.73
0,-84.19;0,10.79
0,-84.36;0,11
0,-84.67;0,11.08
0,-84.9;0,10.95
0,-85.56;0,11.22
0,-85.71;0,11.09
0,-77.35;0,8.67
0,-77.47;0,8.52
0,-77.24;0,7.94
0,-77.43;0,7.64
0,-77.75;0,7.71
0,-77.88;0,7.22
0,-71.33;0,11.78
0,-71.97;0,11.61
0,-72.23;0,11.11
0,-72.61;0,10.82
0,-72.91;0,10.45
0,-73.03;0,9.74
0,-73.3;0,9.15
0,-72.79;0,9.09
0,-72.66;0,8.63
0,-72.44;0,8.41
0,-72.36;0,8
0,-72.48;0,7.63
0,-72.44;0,7.42
0,-72.2;0,7.34
0,-71.96;0,6.99
0,-70.67;0,7.09
0,-70.09;0,6.96
0,-69.39;0,6.1
0,-68.99;0,6.21
0,-68.27;0,6.15
0,-67.7;0,6.27
0,-67.34;0,6.1
0,-67.52;0,5.56
0,-67.74;0,5.22
0,-67.82;0,4.5
0,-67.62;0,3.84
0,-67.34;0,3.54
0,-67.3;0,3.32
0,-67.81;0,2.82
0,-67.45;0,2.6
0,-67.18;0,2.25
0,-66.88;0,1.25
0,-67.07;0,1.13
0,-67.26;0,1.72
0,-67.54;0,2.04
0,-67.87;0,1.69
0,-69.82;0,1.71
0,-69.8;0,1.09
0,-69.22;0,0.99
0,-69.25;0,0.6
0,-69.45;0,0.71
0,-70.02;0,0.54
0,-70.02;0,-0.19
0,-69.58;0,-0.55
0,-69.42;0,-1.12
0,-69.44;0,-1.56
0,-69.89;0,-4.3
0,-70.39;0,-3.77
0,-70.69;0,-3.74
0,-70.05;0,-2.73
0,-70.81;0,-2.26
0,-71.41;0,-2.34
0,-71.77;0,-2.17
0,-72.33;0,-2.43
0,-73.07;0,-2.31
0,-73.66;0,-1.26
0,-74.12;0,-1
0,-74.44;0,-0.53
0,-75.11;0,-0.06
0,-75.37;0,-0.15
0,-75.8;0,0.08
0,-76.29;0,0.42
0,-76.58;0,0.26
0,-77.42;0,0.4
0,-77.67;0,0.83
0,-77.86;0,0.81
0,-78.86;0,1.38
0,-75.37;0,-0.15
0,-75.23;0,-0.91
0,-75.55;0,-1.56
0,-76.64;0,-2.61
0,-77.84;0,-3
0,-78.45;0,-3.87
0,-78.64;0,-4.55
0,-79.21;0,-4.96
0,-79.62;0,-4.45
0,-80.03;0,-4.35
0,-80.44;0,-4.43
0,-80.47;0,-4.06
0,-80.18;0,-3.82
0,-80.3;0,-3.4
0,-69.53;0,-10.95
0,-70.09;0,-11.12
0,-70.55;0,-11.01
0,-70.48;0,-9.49
0,-71.3;0,-10.08
0,-72.18;0,-10.05
0,-72.56;0,-9.52
0,-73.23;0,-9.46
0,-73.02;0,-9.03
0,-73.57;0,-8.42
0,-73.99;0,-7.52
0,-73.72;0,-7.34
0,-73.72;0,-6.92
0,-73.12;0,-6.63
0,-73.22;0,-6.09
0,-72.96;0,-5.74
0,-72.89;0,-5.27
0,-71.75;0,-4.59
0,-70.93;0,-4.4
0,-70.79;0,-4.25
0,-69.89;0,-4.3
0,-66.96;0,-54.9
0,-67.56;0,-54.87
0,-68.63;0,-54.87
0,-68.63;0,-52.64
0,-68.63;0,-52.3
0,-69.5;0,-52.14
0,-71.91;0,-52.01
0,-72.33;0,-51.43
0,-72.31;0,-50.68
0,-72.98;0,-50.74
0,-73.33;0,-50.38
0,-73.42;0,-49.32
0,-72.65;0,-48.88
0,-72.33;0,-48.24
0,-72.45;0,-47.74
0,-71.92;0,-46.88
0,-71.55;0,-45.56
0,-71.66;0,-44.97
0,-71.22;0,-44.78
0,-71.33;0,-44.41
0,-71.79;0,-44.21
0,-71.46;0,-43.79
0,-71.92;0,-43.41
0,-72.15;0,-42.25
0,-71.75;0,-42.05
0,-71.92;0,-40.83
0,-71.68;0,-39.81
0,-71.41;0,-38.92
0,-70.81;0,-38.55
0,-71.12;0,-37.58
0,-71.12;0,-36.66
0,-70.36;0,-36.01
0,-70.39;0,-35.17
0,-69.82;0,-34.19
0,-69.81;0,-33.27
0,-70.07;0,-33.09
0,-70.54;0,-31.36
0,-69.92;0,-30.34
0,-70.01;0,-29.37
0,-69.66;0,-28.46
0,-69;0,-27.52
0,-68.3;0,-26.9
0,-68.59;0,-26.51
0,-68.39;0,-26.18
0,-68.42;0,-24.52
0,-67.33;0,-24.03
0,-66.99;0,-22.99
0,-67.11;0,-22.74
0,-58.43;0,-33.91
0,-58.35;0,-33.26
0,-58.13;0,-33.04
0,-58.14;0,-32.04
0,-57.87;0,-31.02
0,-57.63;0,-30.22
0,-56.98;0,-30.11
0,-55.97;0,-30.88
0,-55.6;0,-30.85
0,-54.57;0,-31.49
0,-53.79;0,-32.05
0,-53.21;0,-32.73
0,-53.65;0,-33.2
0,-53.37;0,-33.77
0,-54.63;0,-25.74
0,-54.79;0,-26.62
0,-55.7;0,-27.39
0,-56.49;0,-27.55
0,-57.61;0,-27.4
0,-58.62;0,-27.12
0,-57.63;0,-25.6
0,-57.78;0,-25.16
0,-58.81;0,-24.77
0,-60.03;0,-24.03
0,-60.85;0,-23.88
0,-62.69;0,-22.25
0,-57.85;0,-19.97
0,-58.17;0,-20.18
0,-57.87;0,-20.73
0,-57.94;0,-22.09
0,-56.88;0,-22.28
0,-56.47;0,-22.09
0,-55.8;0,-22.36
0,-55.61;0,-22.66
0,-55.52;0,-23.57
0,-55.4;0,-23.96
0,-55.03;0,-24
0,-54.65;0,-23.84
0,-54.29;0,-24.02
0,-54.29;0,-24.57
0,-54.43;0,-25.16
0,-54.63;0,-25.74
0,-54.13;0,-25.55
0,-53.63;0,-26.12
0,-53.65;0,-26.92
0,-54.49;0,-27.47
0,-55.16;0,-27.88
0,-56.29;0,-28.85
0,-57.63;0,-30.22
0,-59.76;0,8.37
0,-60.55;0,7.78
0,-60.64;0,7.42
0,-60.3;0,7.04
0,-60.54;0,6.86
0,-61.16;0,6.7
0,-61.14;0,6.23
0,-61.41;0,5.96
0,-60.73;0,5.2
0,-60.6;0,4.92
0,-60.97;0,4.54
0,-62.09;0,4.16
0,-62.8;0,4.01
0,-63.09;0,3.77
0,-63.89;0,4.02
0,-64.63;0,4.15
0,-64.82;0,4.06
0,-64.37;0,3.8
0,-64.41;0,3.13
0,-64.27;0,2.5
0,-63.42;0,2.41
0,-63.37;0,2.2
0,-64.08;0,1.92
0,-64.2;0,1.49
0,-64.61;0,1.33
0,-65.35;0,1.1
0,-65.55;0,0.79
0,-66.33;0,0.72
0,-66.88;0,1.25
0,-56.54;0,1.9
0,-56.78;0,1.86
0,-57.34;0,1.95
0,-57.66;0,1.68
0,-58.11;0,1.51
0,-58.43;0,1.46
0,-58.54;0,1.27
0,-59.03;0,1.32
0,-59.65;0,1.79
0,-59.72;0,2.25
0,-59.97;0,2.76
0,-59.82;0,3.61
0,-59.54;0,3.96
0,-59.77;0,4.42
0,-60.11;0,4.57
0,-59.98;0,5.01
0,-60.21;0,5.24
0,-60.73;0,5.2
0,-54.52;0,2.31
0,-55.1;0,2.52
0,-55.57;0,2.42
0,-55.97;0,2.51
0,-56.07;0,2.22
0,-55.91;0,2.02
0,-56;0,1.82
0,-56.54;0,1.9
0,-51.66;0,4.16
0,-52.25;0,3.24
0,-52.56;0,2.5
0,-52.94;0,2.12
0,-53.42;0,2.05
0,-53.55;0,2.33
0,-53.78;0,2.38
0,-54.09;0,2.11
0,-54.52;0,2.31
0,115.45;0,5.45
0,115.41;0,4.96
0,115.35;0,4.32
0,114.87;0,4.35
0,114.66;0,4.01
0,114.2;0,4.53
0,46.14;0,38.74
0,45.46;0,38.87
0,44.95;0,39.34
0,44.79;0,39.71
0,45;0,39.74
0,45.3;0,39.47
0,45.74;0,39.47
0,45.74;0,39.32
0,46.14;0,38.74
0,-6.2;0,53.87
0,-6.95;0,54.07
0,-7.57;0,54.06
0,-7.37;0,54.6
0,-7.57;0,55.13
0,-16.71;0,13.59
0,-15.62;0,13.62
0,-15.4;0,13.86
0,-15.08;0,13.88
0,-14.69;0,13.63
0,-14.38;0,13.63
0,-14.05;0,13.79
0,-13.84;0,13.51
0,-14.28;0,13.28
0,-14.71;0,13.3
0,-15.14;0,13.51
0,-15.51;0,13.28
0,-15.69;0,13.27
0,-15.93;0,13.13
0,-16.84;0,13.15
0,35.55;0,32.39
0,35.55;0,31.78
0,35.4;0,31.49
0,28.98;0,-28.96
0,29.33;0,-29.26
0,29.02;0,-29.74
0,28.85;0,-30.07
0,28.29;0,-30.23
0,28.11;0,-30.55
0,27.75;0,-30.65
0,27;0,-29.88
0,27.53;0,-29.24
0,28.07;0,-28.85
0,28.54;0,-28.65
0,28.98;0,-28.96
0,-8.67;0,27.66
0,-8.67;0,27.59
0,-8.68;0,27.4
0,-8.69;0,25.88
0,-11.97;0,25.93
0,-11.94;0,23.37
0,-12.87;0,23.28
0,-13.12;0,22.77
0,-12.93;0,21.33
0,-16.85;0,21.33
0,-17.06;0,21
0,-8.68;0,27.4
0,-4.92;0,24.97
0,-6.45;0,24.96
0,-5.97;0,20.64
0,-5.49;0,16.33
0,-5.32;0,16.2
0,-5.54;0,15.5
0,-9.55;0,15.49
0,-9.7;0,15.26
0,-10.09;0,15.33
0,-10.65;0,15.13
0,-11.35;0,15.41
0,-11.67;0,15.39
0,-11.83;0,14.8
0,-12.17;0,14.62
0,-12.83;0,15.3
0,-13.44;0,16.04
0,-14.1;0,16.3
0,-14.58;0,16.6
0,-15.14;0,16.59
0,-15.62;0,16.37
0,-16.12;0,16.46
0,-16.46;0,16.14
0,-12.17;0,14.62
0,-12.12;0,13.99
0,-11.93;0,13.42
0,-11.55;0,13.14
0,-11.47;0,12.75
0,-11.51;0,12.44
0,-11.66;0,12.39
0,-12.2;0,12.47
0,-12.28;0,12.35
0,-12.5;0,12.33
0,-13.22;0,12.58
0,-13.7;0,12.59
0,-15.55;0,12.63
0,-15.82;0,12.52
0,-16.15;0,12.55
0,-16.68;0,12.38
0,-13.7;0,12.59
0,-13.72;0,12.25
0,-13.83;0,12.14
0,-13.74;0,11.81
0,-13.9;0,11.68
0,-14.12;0,11.68
0,-14.38;0,11.51
0,-14.69;0,11.53
0,-15.13;0,11.04
0,-11.51;0,12.44
0,-11.46;0,12.08
0,-11.3;0,12.08
0,-11.04;0,12.21
0,-10.87;0,12.18
0,-10.59;0,11.92
0,-10.17;0,11.84
0,-9.89;0,12.06
0,-9.57;0,12.19
0,-9.33;0,12.33
0,-9.13;0,12.31
0,-8.91;0,12.09
0,-8.79;0,11.81
0,-8.38;0,11.39
0,-8.58;0,11.14
0,-8.62;0,10.81
0,-8.41;0,10.91
0,-8.28;0,10.79
0,-8.34;0,10.49
0,-8.03;0,10.21
0,-8.23;0,10.13
0,-8.31;0,9.79
0,-8.08;0,9.38
0,-7.83;0,8.58
0,-8.2;0,8.46
0,-8.3;0,8.32
0,-8.22;0,8.12
0,-8.28;0,7.69
0,-8.44;0,7.69
0,-8.72;0,7.71
0,-8.93;0,7.31
0,-9.21;0,7.31
0,-9.4;0,7.53
0,-9.34;0,7.93
0,-9.76;0,8.54
0,-10.02;0,8.43
0,-10.23;0,8.41
0,-10.51;0,8.35
0,-10.49;0,8.72
0,-10.65;0,8.98
0,-10.62;0,9.27
0,-10.84;0,9.69
0,-11.12;0,10.05
0,-11.92;0,10.05
0,-12.15;0,9.86
0,-12.43;0,9.84
0,-12.6;0,9.62
0,-12.71;0,9.34
0,-13.25;0,8.9
0,-11.44;0,6.79
0,-11.2;0,7.11
0,-11.15;0,7.4
0,-10.7;0,7.94
0,-10.23;0,8.41
0,-8.44;0,7.69
0,-8.49;0,7.4
0,-8.39;0,6.91
0,-8.6;0,6.47
0,-8.31;0,6.19
0,-7.99;0,6.13
0,-7.57;0,5.71
0,-7.54;0,5.31
0,-7.64;0,5.19
0,-7.71;0,4.36
0,8.42;0,36.95
0,8.22;0,36.43
0,8.38;0,35.48
0,8.14;0,34.66
0,7.52;0,34.1
0,7.61;0,33.34
0,8.43;0,32.75
0,8.44;0,32.51
0,9.06;0,32.1
0,9.48;0,30.31
0,9.81;0,29.42
0,9.86;0,28.96
0,9.68;0,28.14
0,9.76;0,27.69
0,9.63;0,27.14
0,9.72;0,26.51
0,9.32;0,26.09
0,9.91;0,25.37
0,9.95;0,24.94
0,10.3;0,24.38
0,10.77;0,24.56
0,11.56;0,24.1
0,12;0,23.47
0,8.57;0,21.57
0,5.68;0,19.6
0,4.27;0,19.16
0,3.16;0,19.06
0,3.15;0,19.69
0,2.68;0,19.86
0,2.06;0,20.14
0,1.82;0,20.61
0,-1.55;0,22.79
0,-4.92;0,24.97
0,11.49;0,33.14
0,11.43;0,32.37
0,10.94;0,32.08
0,10.64;0,31.76
0,9.95;0,31.38
0,10.06;0,30.96
0,9.97;0,30.54
0,9.48;0,30.31
0,25.16;0,31.57
0,24.8;0,31.09
0,24.96;0,30.66
0,24.7;0,30.04
0,25;0,29.24
0,25;0,25.68
0,25;0,22
0,25;0,20
0,23.85;0,20
0,23.84;0,19.58
0,19.85;0,21.5
0,15.86;0,23.41
0,14.85;0,22.86
0,14.14;0,22.49
0,13.58;0,23.04
0,12;0,23.47
0,4.27;0,19.16
0,4.27;0,16.85
0,3.72;0,16.18
0,3.64;0,15.57
0,2.75;0,15.41
0,1.39;0,15.32
0,1.02;0,14.97
0,0.37;0,14.93
0,-0.27;0,14.92
0,-0.52;0,15.12
0,-1.07;0,14.97
0,-2;0,14.56
0,-2.19;0,14.25
0,-2.97;0,13.8
0,-3.1;0,13.54
0,-3.52;0,13.34
0,-4.01;0,13.47
0,-4.28;0,13.23
0,-4.43;0,12.54
0,-5.22;0,11.71
0,-5.2;0,11.38
0,-5.47;0,10.95
0,-5.4;0,10.37
0,-5.82;0,10.22
0,-6.05;0,10.1
0,-6.21;0,10.52
0,-6.49;0,10.41
0,-6.67;0,10.43
0,-6.85;0,10.14
0,-7.62;0,10.15
0,-7.9;0,10.3
0,-8.03;0,10.21
0,0.37;0,14.93
0,0.3;0,14.44
0,0.43;0,13.99
0,0.99;0,13.34
0,1.02;0,12.85
0,2.18;0,12.63
0,2.15;0,11.94
0,1.94;0,11.64
0,1.45;0,11.55
0,1.24;0,11.11
0,0.9;0,11
0,0.02;0,11.02
0,-0.44;0,11.1
0,-0.76;0,10.94
0,-1.2;0,11.01
0,-2.94;0,10.96
0,-2.96;0,10.4
0,-2.83;0,9.64
0,-3.51;0,9.9
0,-3.98;0,9.86
0,-4.33;0,9.61
0,-4.78;0,9.82
0,-4.95;0,10.15
0,-5.4;0,10.37
0,-2.86;0,4.99
0,-2.81;0,5.39
0,-3.24;0,6.25
0,-2.98;0,7.38
0,-2.56;0,8.22
0,-2.83;0,9.64
0,1.06;0,5.93
0,0.84;0,6.28
0,0.57;0,6.91
0,0.49;0,7.41
0,0.71;0,8.31
0,0.46;0,8.68
0,0.37;0,9.47
0,0.37;0,10.19
0,-0.05;0,10.71
0,0.02;0,11.02
0,0.9;0,11
0,0.77;0,10.47
0,1.08;0,10.18
0,1.43;0,9.83
0,1.46;0,9.33
0,1.66;0,9.13
0,1.62;0,6.83
0,1.87;0,6.14
0,2.15;0,11.94
0,2.49;0,12.23
0,2.85;0,12.24
0,3.61;0,11.66
0,3.57;0,11.33
0,3.8;0,10.73
0,3.6;0,10.33
0,3.71;0,10.06
0,3.22;0,9.44
0,2.91;0,9.14
0,2.72;0,8.51
0,2.75;0,7.87
0,2.69;0,6.26
0,3.61;0,11.66
0,3.68;0,12.55
0,3.97;0,12.96
0,4.11;0,13.53
0,4.37;0,13.75
0,5.44;0,13.87
0,6.45;0,13.49
0,6.82;0,13.12
0,7.33;0,13.1
0,7.8;0,13.34
0,9.01;0,12.83
0,9.52;0,12.85
0,10.11;0,13.28
0,10.7;0,13.25
0,10.99;0,13.39
0,11.53;0,13.33
0,12.3;0,13.04
0,13.08;0,13.6
0,13.32;0,13.56
0,14;0,12.46
0,14.18;0,12.48
0,14.58;0,12.09
0,14.47;0,11.9
0,14.42;0,11.57
0,13.57;0,10.8
0,13.31;0,10.16
0,13.17;0,9.64
0,12.96;0,9.42
0,12.75;0,8.72
0,12.22;0,8.31
0,12.06;0,7.8
0,11.84;0,7.4
0,11.75;0,6.98
0,11.06;0,6.64
0,10.5;0,7.06
0,10.12;0,7.04
0,9.52;0,6.45
0,9.23;0,6.44
0,8.76;0,5.48
0,8.5;0,4.77
0,36.87;0,22
0,32.9;0,22
0,29.02;0,22
0,25;0,22
0,14.85;0,22.86
0,15.1;0,21.31
0,15.47;0,21.05
0,15.49;0,20.73
0,15.9;0,20.39
0,15.69;0,19.96
0,15.3;0,17.93
0,15.25;0,16.63
0,13.97;0,15.68
0,13.54;0,14.37
0,13.96;0,14
0,13.95;0,13.35
0,14.6;0,13.33
0,14.5;0,12.86
0,14.21;0,12.8
0,14.18;0,12.48
0,23.84;0,19.58
0,23.89;0,15.61
0,23.02;0,15.68
0,22.57;0,14.94
0,22.3;0,14.33
0,22.51;0,14.09
0,22.18;0,13.79
0,22.3;0,13.37
0,22.04;0,12.96
0,21.94;0,12.59
0,22.29;0,12.65
0,22.5;0,12.26
0,22.51;0,11.68
0,22.88;0,11.38
0,22.86;0,11.14
0,22.23;0,10.97
0,21.72;0,10.57
0,21;0,9.48
0,20.06;0,9.01
0,19.09;0,9.07
0,18.81;0,8.98
0,18.91;0,8.63
0,18.39;0,8.28
0,17.96;0,7.89
0,16.71;0,7.51
0,16.46;0,7.73
0,16.29;0,7.75
0,16.11;0,7.5
0,15.28;0,7.42
0,15.44;0,7.69
0,15.12;0,8.38
0,14.98;0,8.8
0,14.54;0,8.97
0,13.95;0,9.55
0,14.17;0,10.02
0,14.63;0,9.92
0,14.91;0,9.99
0,15.47;0,9.98
0,14.92;0,10.89
0,14.96;0,11.56
0,14.89;0,12.22
0,14.5;0,12.86
0,15.28;0,7.42
0,14.78;0,6.41
0,14.54;0,6.23
0,14.46;0,5.45
0,14.56;0,5.03
0,14.48;0,4.73
0,14.95;0,4.21
0,15.04;0,3.85
0,15.41;0,3.34
0,15.86;0,3.01
0,15.91;0,2.56
0,16.01;0,2.27
0,15.94;0,1.73
0,15.15;0,1.96
0,14.34;0,2.23
0,13.08;0,2.27
0,12.95;0,2.32
0,12.36;0,2.19
0,11.75;0,2.33
0,11.28;0,2.26
0,9.65;0,2.28
0,11.28;0,2.26
0,11.29;0,1.06
0,9.83;0,1.07
0,9.49;0,1.01
0,13.08;0,2.27
0,13;0,1.83
0,13.28;0,1.31
0,14.03;0,1.4
0,14.28;0,1.2
0,13.84;0,0.04
0,14.32;0,-0.55
0,14.43;0,-1.33
0,14.3;0,-2
0,13.99;0,-2.47
0,13.11;0,-2.43
0,12.58;0,-1.95
0,12.5;0,-2.39
0,11.82;0,-2.51
0,11.48;0,-2.77
0,11.86;0,-3.43
0,11.09;0,-3.98
0,16.01;0,2.27
0,16.54;0,3.2
0,17.13;0,3.73
0,17.81;0,3.56
0,18.45;0,3.5
0,18.39;0,2.9
0,18.09;0,2.37
0,17.9;0,1.74
0,17.77;0,0.86
0,17.83;0,0.29
0,17.66;0,-0.06
0,17.64;0,-0.42
0,17.52;0,-0.74
0,16.87;0,-1.23
0,16.41;0,-1.74
0,15.97;0,-2.71
0,16.01;0,-3.54
0,15.75;0,-3.86
0,15.17;0,-4.34
0,14.58;0,-4.97
0,14.21;0,-4.79
0,14.14;0,-4.51
0,13.6;0,-4.5
0,13.26;0,-4.88
0,13;0,-4.78
0,22.86;0,11.14
0,22.98;0,10.71
0,23.55;0,10.09
0,23.56;0,9.68
0,23.39;0,9.27
0,23.46;0,8.95
0,23.81;0,8.67
0,24.57;0,8.23
0,25.11;0,7.83
0,25.12;0,7.5
0,25.8;0,6.98
0,26.21;0,6.55
0,26.47;0,5.95
0,27.21;0,5.55
0,27.37;0,5.23
0,27.04;0,5.13
0,26.4;0,5.15
0,25.65;0,5.26
0,25.28;0,5.17
0,25.13;0,4.93
0,24.81;0,4.9
0,24.41;0,5.11
0,23.3;0,4.61
0,22.84;0,4.71
0,22.7;0,4.63
0,22.41;0,4.03
0,21.66;0,4.22
0,20.93;0,4.32
0,20.29;0,4.69
0,19.47;0,5.03
0,18.93;0,4.71
0,18.54;0,4.2
0,18.45;0,3.5
0,36.43;0,14.42
0,37.59;0,14.21
0,37.91;0,14.96
0,38.51;0,14.51
0,39.1;0,14.74
0,39.34;0,14.53
0,40.03;0,14.52
0,40.9;0,14.12
0,41.16;0,13.77
0,41.6;0,13.45
0,42.01;0,12.87
0,42.35;0,12.54
0,42.78;0,12.46
0,43.08;0,12.7
0,43.15;0,11.46
0,42.78;0,10.93
0,42.55;0,11.11
0,42.31;0,11.03
0,41.76;0,11.05
0,41.74;0,11.36
0,41.66;0,11.63
0,42;0,12.1
0,42.35;0,12.54
0,29.58;0,-1.34
0,29.82;0,-1.44
0,30.42;0,-1.13
0,30.77;0,-1.01
0,31.87;0,-1.03
0,33.9;0,-0.95
0,30.42;0,-1.13
0,30.82;0,-1.7
0,30.76;0,-2.29
0,30.47;0,-2.41
0,29.94;0,-2.35
0,29.63;0,-2.92
0,29.02;0,-2.84
0,23.91;0,-10.93
0,24.02;0,-11.24
0,23.9;0,-11.72
0,24.08;0,-12.19
0,23.93;0,-12.57
0,24.02;0,-12.91
0,21.93;0,-12.9
0,21.89;0,-16.08
0,22.56;0,-16.9
0,23.22;0,-17.52
0,21.38;0,-17.93
0,18.96;0,-17.79
0,18.26;0,-17.31
0,14.21;0,-17.35
0,14.06;0,-17.42
0,13.46;0,-16.97
0,12.81;0,-16.94
0,12.22;0,-17.11
0,11.73;0,-17.3
0,23.22;0,-17.52
0,24.03;0,-17.3
0,24.68;0,-17.35
0,25.08;0,-17.58
0,25.08;0,-17.66
0,24.52;0,-17.89
0,24.22;0,-17.89
0,23.58;0,-18.28
0,23.2;0,-17.87
0,21.66;0,-18.22
0,20.91;0,-18.25
0,20.88;0,-21.81
0,19.9;0,-21.85
0,19.9;0,-24.77
0,19.89;0,-28.46
0,19;0,-28.97
0,18.46;0,-29.05
0,17.84;0,-28.86
0,17.39;0,-28.78
0,17.22;0,-28.36
0,16.82;0,-28.08
0,16.34;0,-28.58
0,32.07;0,-26.73
0,31.87;0,-27.18
0,31.28;0,-27.29
0,30.69;0,-26.74
0,30.68;0,-26.4
0,30.95;0,-26.02
0,31.04;0,-25.73
0,31.33;0,-25.66
0,31.84;0,-25.84
0,25.26;0,-17.74
0,25.65;0,-18.54
0,25.85;0,-18.71
0,26.16;0,-19.29
0,27.3;0,-20.39
0,27.72;0,-20.5
0,27.73;0,-20.85
0,28.02;0,-21.49
0,28.79;0,-21.64
0,29.43;0,-22.09
0,28.02;0,-22.83
0,27.12;0,-23.57
0,26.79;0,-24.24
0,26.49;0,-24.62
0,25.94;0,-24.7
0,25.77;0,-25.17
0,25.66;0,-25.49
0,25.03;0,-25.72
0,24.21;0,-25.67
0,23.73;0,-25.39
0,23.31;0,-25.27
0,22.82;0,-25.5
0,22.58;0,-25.98
0,22.11;0,-26.28
0,21.61;0,-26.73
0,20.89;0,-26.83
0,20.67;0,-26.48
0,20.76;0,-25.87
0,20.17;0,-24.92
0,19.9;0,-24.77
0,30.27;0,-15.51
0,30.34;0,-15.88
0,31.17;0,-15.86
0,31.64;0,-16.07
0,31.85;0,-16.32
0,32.33;0,-16.39
0,32.85;0,-16.71
0,32.85;0,-17.98
0,32.65;0,-18.67
0,32.61;0,-19.42
0,32.77;0,-19.72
0,32.66;0,-20.3
0,32.51;0,-20.4
0,32.25;0,-21.12
0,31.19;0,-22.25
0,30.66;0,-22.15
0,30.32;0,-22.27
0,29.84;0,-22.1
0,29.43;0,-22.09
0,32.83;0,-26.74
0,32.07;0,-26.73
0,31.99;0,-26.29
0,31.84;0,-25.84
0,31.75;0,-25.48
0,31.93;0,-24.37
0,31.67;0,-23.66
0,31.19;0,-22.25
0,-9.03;0,41.88
0,-8.67;0,42.13
0,-8.26;0,42.28
0,-8.01;0,41.79
0,-7.42;0,41.79
0,-7.25;0,41.92
0,-6.67;0,41.88
0,-6.39;0,41.38
0,-6.85;0,41.11
0,-6.86;0,40.33
0,-7.03;0,40.18
0,-7.07;0,39.71
0,-7.5;0,39.63
0,-7.1;0,39.03
0,-7.37;0,38.37
0,-7.03;0,38.08
0,-7.17;0,37.8
0,-7.54;0,37.43
0,-7.45;0,37.1
0,2.99;0,42.47
0,1.83;0,42.34
0,0.7;0,42.8
0,0.34;0,42.58
0,-1.5;0,43.03
0,-1.9;0,43.42
0,9.92;0,54.98
0,9.28;0,54.83
0,8.53;0,54.96
0,6.19;0,49.46
0,6.66;0,49.2
0,8.1;0,49.02
0,7.59;0,48.33
0,7.47;0,47.62
0,7.19;0,47.45
0,6.74;0,47.54
0,6.77;0,47.29
0,6.04;0,46.73
0,6.02;0,46.27
0,6.5;0,46.43
0,6.84;0,45.99
0,6.8;0,45.71
0,7.1;0,45.33
0,6.75;0,45.03
0,7.01;0,44.25
0,7.55;0,44.13
0,7.44;0,43.69
0,14.12;0,53.76
0,14.35;0,53.25
0,14.07;0,52.98
0,14.44;0,52.62
0,14.69;0,52.09
0,14.61;0,51.75
0,15.02;0,51.11
0,14.57;0,51
0,14.31;0,51.12
0,14.06;0,50.93
0,13.34;0,50.73
0,12.97;0,50.48
0,12.24;0,50.27
0,12.42;0,49.97
0,12.52;0,49.55
0,13.03;0,49.31
0,13.6;0,48.88
0,13.24;0,48.42
0,12.88;0,48.29
0,13.03;0,47.64
0,12.93;0,47.47
0,12.62;0,47.67
0,12.14;0,47.7
0,11.43;0,47.52
0,10.54;0,47.57
0,10.4;0,47.3
0,9.9;0,47.58
0,9.59;0,47.53
0,8.52;0,47.83
0,8.32;0,47.61
0,7.47;0,47.62
0,9.59;0,47.53
0,9.63;0,47.35
0,9.48;0,47.1
0,9.93;0,46.92
0,10.44;0,46.89
0,10.36;0,46.48
0,9.92;0,46.31
0,9.18;0,46.44
0,8.97;0,46.04
0,8.49;0,46.01
0,8.32;0,46.16
0,7.76;0,45.82
0,7.27;0,45.78
0,6.84;0,45.99
0,10.44;0,46.89
0,11.05;0,46.75
0,11.16;0,46.94
0,12.15;0,47.12
0,12.38;0,46.77
0,13.81;0,46.51
0,13.7;0,46.02
0,13.94;0,45.59
0,19.66;0,54.43
0,20.89;0,54.31
0,22.73;0,54.33
0,23.24;0,54.22
0,23.48;0,53.91
0,23.53;0,53.47
0,23.8;0,53.09
0,23.8;0,52.69
0,23.2;0,52.49
0,23.51;0,52.02
0,23.53;0,51.58
0,24.03;0,50.71
0,23.92;0,50.42
0,23.43;0,50.31
0,22.52;0,49.48
0,22.78;0,49.03
0,22.56;0,49.09
0,21.61;0,49.47
0,20.89;0,49.33
0,20.42;0,49.43
0,19.83;0,49.22
0,19.32;0,49.57
0,18.91;0,49.44
0,18.85;0,49.5
0,18.39;0,49.99
0,17.65;0,50.05
0,17.55;0,50.36
0,16.87;0,50.47
0,16.72;0,50.22
0,16.18;0,50.42
0,16.24;0,50.7
0,15.49;0,50.78
0,15.02;0,51.11
0,24.31;0,57.79
0,25.16;0,57.97
0,25.6;0,57.85
0,26.46;0,57.48
0,27.29;0,57.47
0,27.77;0,57.24
0,27.86;0,56.76
0,28.18;0,56.17
0,27.1;0,55.78
0,26.49;0,55.62
0,27.98;0,59.48
0,28.13;0,59.3
0,27.42;0,58.72
0,27.72;0,57.79
0,27.29;0,57.47
0,28.18;0,56.17
0,29.23;0,55.92
0,29.37;0,55.67
0,29.9;0,55.79
0,30.87;0,55.55
0,30.97;0,55.08
0,30.76;0,54.81
0,31.38;0,54.16
0,31.79;0,53.97
0,31.73;0,53.79
0,32.41;0,53.62
0,32.69;0,53.35
0,32.3;0,53.13
0,31.5;0,53.17
0,31.31;0,53.07
0,31.54;0,52.74
0,31.79;0,52.1
0,30.93;0,52.04
0,30.62;0,51.82
0,30.56;0,51.32
0,30.16;0,51.42
0,29.25;0,51.37
0,28.99;0,51.6
0,28.62;0,51.43
0,28.24;0,51.57
0,27.45;0,51.59
0,26.34;0,51.83
0,25.33;0,51.91
0,24.55;0,51.89
0,24.01;0,51.62
0,23.53;0,51.58
0,6.91;0,53.48
0,7.09;0,53.14
0,6.84;0,52.23
0,6.59;0,51.85
0,5.99;0,51.85
0,6.16;0,50.8
0,5.61;0,51.04
0,4.97;0,51.48
0,4.05;0,51.27
0,3.31;0,51.35
0,6.16;0,50.8
0,6.04;0,50.13
0,5.78;0,50.09
0,5.67;0,49.53
0,4.8;0,49.99
0,4.29;0,49.91
0,3.59;0,50.38
0,3.12;0,50.78
0,2.66;0,50.8
0,2.51;0,51.15
0,6.04;0,50.13
0,6.24;0,49.9
0,6.19;0,49.46
0,5.9;0,49.44
0,5.67;0,49.53
0,21.27;0,55.19
0,22.32;0,55.02
0,22.76;0,54.86
0,22.65;0,54.58
0,22.73;0,54.33
0,21.06;0,56.03
0,22.2;0,56.34
0,23.88;0,56.27
0,24.86;0,56.37
0,25;0,56.16
0,25.53;0,56.1
0,26.49;0,55.62
0,26.59;0,55.17
0,25.77;0,54.85
0,25.54;0,54.28
0,24.45;0,53.91
0,23.48;0,53.91
0,18.85;0,49.5
0,18.56;0,49.5
0,18.4;0,49.32
0,18.17;0,49.27
0,18.11;0,49.04
0,17.91;0,49
0,17.89;0,48.9
0,17.55;0,48.8
0,17.1;0,48.82
0,16.96;0,48.6
0,16.5;0,48.79
0,16.03;0,48.73
0,15.25;0,49.04
0,14.9;0,48.96
0,14.34;0,48.56
0,13.6;0,48.88
0,16.96;0,48.6
0,16.88;0,48.47
0,16.98;0,48.12
0,16.9;0,47.71
0,16.34;0,47.71
0,16.53;0,47.5
0,16.2;0,46.85
0,16.01;0,46.68
0,15.14;0,46.66
0,14.63;0,46.43
0,13.81;0,46.51
0,22.09;0,48.42
0,22.64;0,48.15
0,22.71;0,47.88
0,22.1;0,47.67
0,21.63;0,46.99
0,21.02;0,46.32
0,20.22;0,46.13
0,19.6;0,46.17
0,18.83;0,45.91
0,18.46;0,45.76
0,17.63;0,45.95
0,16.88;0,46.38
0,16.56;0,46.5
0,16.37;0,46.84
0,16.2;0,46.85
0,18.45;0,42.48
0,18.56;0,42.65
0,17.67;0,43.03
0,17.3;0,43.45
0,16.92;0,43.67
0,16.46;0,44.04
0,16.24;0,44.35
0,15.75;0,44.82
0,15.96;0,45.23
0,16.32;0,45
0,16.53;0,45.21
0,17;0,45.23
0,17.86;0,45.07
0,18.55;0,45.08
0,19.01;0,44.86
0,19.39;0,45.24
0,19.07;0,45.52
0,18.83;0,45.91
0,22.56;0,49.09
0,22.28;0,48.83
0,22.09;0,48.42
0,21.87;0,48.32
0,20.8;0,48.62
0,20.47;0,48.56
0,20.24;0,48.33
0,19.77;0,48.2
0,19.66;0,48.27
0,19.17;0,48.11
0,18.78;0,48.08
0,18.7;0,47.88
0,17.86;0,47.76
0,17.49;0,47.87
0,16.98;0,48.12
0,16.56;0,46.5
0,15.77;0,46.24
0,15.67;0,45.83
0,15.32;0,45.73
0,15.33;0,45.45
0,14.94;0,45.47
0,14.6;0,45.63
0,14.41;0,45.47
0,13.72;0,45.5
0,26.62;0,48.22
0,26.92;0,48.12
0,27.23;0,47.83
0,27.55;0,47.41
0,28.13;0,46.81
0,28.16;0,46.37
0,28.05;0,45.94
0,28.23;0,45.49
0,28.56;0,43.71
0,27.97;0,43.81
0,27.24;0,44.18
0,26.07;0,43.94
0,25.57;0,43.69
0,24.1;0,43.74
0,23.33;0,43.9
0,22.94;0,43.82
0,22.66;0,44.23
0,22.47;0,44.41
0,22.71;0,44.58
0,22.46;0,44.7
0,22.15;0,44.48
0,21.56;0,44.77
0,21.48;0,45.18
0,20.87;0,45.42
0,20.76;0,45.73
0,20.22;0,46.13
0,22.66;0,44.23
0,22.41;0,44.01
0,22.5;0,43.64
0,22.99;0,43.21
0,22.6;0,42.9
0,22.44;0,42.58
0,22.54;0,42.46
0,22.38;0,42.32
0,21.92;0,42.3
0,21.58;0,42.25
0,21.35;0,42.21
0,20.76;0,42.05
0,20.72;0,41.85
0,20.59;0,41.86
0,20.52;0,42.22
0,20.28;0,42.32
0,20.07;0,42.59
0,19.8;0,42.5
0,19.74;0,42.69
0,19.3;0,42.2
0,19.37;0,41.88
0,22.71;0,47.88
0,23.14;0,48.1
0,23.76;0,47.99
0,24.4;0,47.98
0,24.87;0,47.74
0,25.21;0,47.89
0,25.95;0,47.99
0,26.2;0,48.22
0,26.62;0,48.22
0,26.86;0,48.37
0,27.52;0,48.47
0,28.26;0,48.16
0,28.67;0,48.12
0,29.12;0,47.85
0,29.05;0,47.51
0,29.42;0,47.35
0,29.56;0,46.93
0,29.91;0,46.67
0,29.84;0,46.53
0,30.02;0,46.42
0,29.76;0,46.35
0,29.17;0,46.38
0,29.07;0,46.52
0,28.86;0,46.44
0,28.93;0,46.26
0,28.66;0,45.94
0,28.49;0,45.6
0,28.23;0,45.49
0,28.68;0,45.3
0,29.15;0,45.46
0,29.6;0,45.29
0,31.79;0,52.1
0,32.16;0,52.06
0,32.41;0,52.29
0,32.72;0,52.24
0,33.75;0,52.34
0,34.39;0,51.77
0,34.14;0,51.57
0,34.22;0,51.26
0,35.02;0,51.21
0,35.38;0,50.77
0,35.36;0,50.58
0,36.63;0,50.23
0,37.39;0,50.38
0,38.01;0,49.92
0,38.6;0,49.93
0,40.07;0,49.6
0,40.08;0,49.31
0,39.67;0,48.78
0,39.9;0,48.23
0,39.74;0,47.9
0,38.77;0,47.83
0,38.26;0,47.55
0,38.22;0,47.1
0,28;0,42.01
0,27.14;0,42.14
0,26.12;0,41.83
0,26.11;0,41.33
0,25.2;0,41.23
0,24.49;0,41.58
0,23.69;0,41.31
0,22.95;0,41.34
0,22.88;0,42
0,22.38;0,42.32
0,22.95;0,41.34
0,22.76;0,41.3
0,22.6;0,41.13
0,22.06;0,41.15
0,21.67;0,40.93
0,21.02;0,40.84
0,20.61;0,41.09
0,20.46;0,41.52
0,20.59;0,41.86
0,26.12;0,41.83
0,26.6;0,41.56
0,26.29;0,40.94
0,26.06;0,40.82
0,21.02;0,40.84
0,21;0,40.58
0,20.68;0,40.44
0,20.62;0,40.11
0,20.15;0,39.63
0,41.55;0,41.54
0,42.62;0,41.58
0,43.58;0,41.09
0,43.75;0,40.74
0,43.66;0,40.25
0,44.4;0,40.01
0,44.79;0,39.71
0,44.11;0,39.43
0,44.42;0,38.28
0,44.23;0,37.97
0,44.77;0,37.17
0,44.29;0,37
0,43.94;0,37.26
0,42.78;0,37.39
0,42.35;0,37.23
0,41.21;0,37.07
0,40.67;0,37.09
0,39.52;0,36.72
0,38.7;0,36.71
0,38.17;0,36.9
0,37.07;0,36.62
0,36.74;0,36.82
0,36.69;0,36.26
0,36.42;0,36.04
0,36.15;0,35.82
0,39.96;0,43.44
0,40.08;0,43.55
0,40.92;0,43.38
0,42.39;0,43.22
0,43.76;0,42.74
0,43.93;0,42.55
0,44.54;0,42.71
0,45.47;0,42.5
0,45.78;0,42.09
0,46.4;0,41.86
0,46.15;0,41.72
0,46.64;0,41.18
0,46.5;0,41.06
0,45.96;0,41.12
0,45.22;0,41.41
0,44.97;0,41.25
0,43.58;0,41.09
0,28.59;0,69.06
0,28.45;0,68.36
0,29.98;0,67.7
0,29.05;0,66.94
0,30.22;0,65.81
0,29.54;0,64.95
0,30.44;0,64.2
0,30.04;0,63.55
0,31.52;0,62.87
0,31.14;0,62.36
0,30.21;0,61.78
0,28.07;0,60.5
0,46.51;0,38.77
0,47.69;0,39.51
0,48.06;0,39.58
0,48.36;0,39.29
0,48.01;0,38.79
0,48.63;0,38.27
0,48.88;0,38.32
0,35.4;0,31.48
0,35.42;0,31.1
0,34.92;0,29.5
0,38.79;0,33.38
0,39.2;0,32.16
0,39;0,32.01
0,37;0,31.51
0,38;0,30.51
0,37.67;0,30.34
0,37.5;0,30
0,36.74;0,29.87
0,36.5;0,29.51
0,36.07;0,29.2
0,34.96;0,29.36
0,47.97;0,29.98
0,47.3;0,30.06
0,46.57;0,29.1
0,44.71;0,29.18
0,41.89;0,31.19
0,40.4;0,31.89
0,39.2;0,32.16
0,48.57;0,29.93
0,48.01;0,30.45
0,48;0,30.99
0,47.69;0,30.98
0,47.85;0,31.71
0,47.33;0,32.47
0,46.11;0,33.02
0,45.42;0,33.97
0,45.65;0,34.75
0,46.15;0,35.09
0,46.08;0,35.68
0,45.42;0,35.98
0,44.77;0,37.17
0,53.92;0,37.2
0,54.8;0,37.39
0,55.51;0,37.96
0,56.18;0,37.94
0,56.62;0,38.12
0,57.33;0,38.03
0,58.44;0,37.52
0,59.23;0,37.41
0,60.38;0,36.53
0,61.12;0,36.49
0,61.21;0,35.65
0,60.8;0,34.4
0,60.53;0,33.68
0,60.96;0,33.53
0,60.54;0,32.98
0,60.86;0,32.18
0,60.94;0,31.55
0,61.7;0,31.38
0,61.78;0,30.74
0,60.87;0,29.83
0,61.37;0,29.3
0,61.77;0,28.7
0,62.73;0,28.26
0,62.76;0,27.38
0,63.23;0,27.22
0,63.32;0,26.76
0,61.87;0,26.24
0,61.5;0,25.08
0,53.11;0,16.65
0,52.78;0,17.35
0,52;0,19
0,55;0,20
0,55.67;0,22
0,55.21;0,22.71
0,42.78;0,16.35
0,43.22;0,16.67
0,43.12;0,17.09
0,43.38;0,17.58
0,43.79;0,17.32
0,44.06;0,17.41
0,45.22;0,17.43
0,45.4;0,17.33
0,46.37;0,17.23
0,46.75;0,17.28
0,47;0,16.95
0,47.47;0,17.12
0,48.18;0,18.17
0,49.12;0,18.62
0,52;0,19
0,20.65;0,69.11
0,21.98;0,68.62
0,23.54;0,67.94
0,23.57;0,66.4
0,23.9;0,66.01
0,48.42;0,28.55
0,47.71;0,28.53
0,47.46;0,29
0,46.57;0,29.1
0,51.39;0,24.63
0,51.11;0,24.56
0,50.81;0,24.75
0,56.07;0,26.06
0,56.26;0,25.71
0,56.4;0,24.92
0,55.89;0,24.92
0,55.8;0,24.27
0,55.98;0,24.13
0,55.53;0,23.93
0,55.53;0,23.52
0,55.23;0,23.11
0,55.21;0,22.71
0,55.01;0,22.5
0,52;0,23
0,51.62;0,24.01
0,51.58;0,24.25
0,49.1;0,46.4
0,48.59;0,46.56
0,48.69;0,47.08
0,48.06;0,47.74
0,47.32;0,47.72
0,46.47;0,48.39
0,47.04;0,49.15
0,46.75;0,49.36
0,47.55;0,50.45
0,48.58;0,49.87
0,48.7;0,50.61
0,50.77;0,51.69
0,52.33;0,51.72
0,54.53;0,51.03
0,55.72;0,50.62
0,56.78;0,51.04
0,58.36;0,51.06
0,59.64;0,50.55
0,59.93;0,50.84
0,61.34;0,50.8
0,61.59;0,51.27
0,59.97;0,51.96
0,60.93;0,52.45
0,60.74;0,52.72
0,61.7;0,52.98
0,60.98;0,53.67
0,61.44;0,54.01
0,65.18;0,54.35
0,65.67;0,54.6
0,68.17;0,54.97
0,69.07;0,55.39
0,70.87;0,55.17
0,71.18;0,54.13
0,72.22;0,54.38
0,73.51;0,54.04
0,73.43;0,53.49
0,74.38;0,53.55
0,76.89;0,54.49
0,76.53;0,54.18
0,77.8;0,53.4
0,80.04;0,50.86
0,80.57;0,51.39
0,81.95;0,50.81
0,83.38;0,51.07
0,83.94;0,50.89
0,84.42;0,50.31
0,85.12;0,50.12
0,85.54;0,49.69
0,86.83;0,49.83
0,87.36;0,49.22
0,86.6;0,48.55
0,85.77;0,48.46
0,85.72;0,47.45
0,85.16;0,47
0,83.18;0,47.33
0,82.46;0,45.54
0,81.95;0,45.32
0,79.97;0,44.92
0,80.87;0,43.18
0,80.18;0,42.92
0,80.26;0,42.35
0,79.64;0,42.5
0,79.14;0,42.86
0,77.66;0,42.96
0,76;0,42.99
0,75.64;0,42.88
0,74.21;0,43.3
0,73.65;0,43.09
0,73.49;0,42.5
0,71.84;0,42.85
0,71.19;0,42.7
0,70.96;0,42.27
0,70.39;0,42.08
0,69.07;0,41.38
0,68.63;0,40.67
0,68.26;0,40.66
0,67.99;0,41.14
0,66.71;0,41.17
0,66.51;0,41.99
0,66.02;0,41.99
0,66.1;0,43
0,64.9;0,43.73
0,63.19;0,43.65
0,62.01;0,43.5
0,61.06;0,44.41
0,60.24;0,44.78
0,58.69;0,45.5
0,58.5;0,45.59
0,55.93;0,45
0,55.97;0,41.31
0,55.46;0,41.26
0,54.76;0,42.04
0,54.08;0,42.32
0,52.94;0,42.12
0,52.5;0,41.78
0,70.96;0,42.27
0,71.26;0,42.17
0,70.42;0,41.52
0,71.16;0,41.14
0,71.87;0,41.39
0,73.06;0,40.87
0,71.77;0,40.15
0,71.01;0,40.24
0,70.6;0,40.22
0,70.46;0,40.5
0,70.67;0,40.96
0,69.33;0,40.73
0,69.01;0,40.09
0,68.54;0,39.53
0,67.7;0,39.58
0,67.44;0,39.14
0,68.18;0,38.9
0,68.39;0,38.16
0,67.83;0,37.15
0,67.08;0,37.36
0,66.52;0,37.36
0,66.55;0,37.97
0,65.22;0,38.4
0,64.17;0,38.89
0,63.52;0,39.36
0,62.37;0,40.05
0,61.88;0,41.08
0,61.55;0,41.27
0,60.47;0,41.22
0,60.08;0,41.43
0,59.98;0,42.22
0,58.63;0,42.75
0,57.79;0,42.17
0,56.93;0,41.83
0,57.1;0,41.32
0,55.97;0,41.31
0,66.52;0,37.36
0,66.22;0,37.39
0,65.75;0,37.66
0,65.59;0,37.31
0,64.75;0,37.11
0,64.55;0,36.31
0,63.98;0,36.01
0,63.19;0,35.86
0,62.98;0,35.4
0,62.23;0,35.27
0,61.21;0,35.65
0,67.83;0,37.15
0,68.14;0,37.02
0,68.86;0,37.34
0,69.2;0,37.15
0,69.52;0,37.61
0,70.12;0,37.59
0,70.27;0,37.74
0,70.38;0,38.14
0,70.81;0,38.49
0,71.35;0,38.26
0,71.24;0,37.95
0,71.54;0,37.91
0,71.45;0,37.07
0,71.84;0,36.74
0,72.19;0,36.95
0,72.64;0,37.05
0,73.26;0,37.5
0,73.95;0,37.42
0,74.98;0,37.42
0,75.16;0,37.13
0,74.58;0,37.02
0,74.07;0,36.84
0,72.92;0,36.72
0,71.85;0,36.51
0,71.26;0,36.07
0,71.5;0,35.65
0,71.61;0,35.15
0,71.12;0,34.73
0,71.16;0,34.35
0,70.88;0,33.99
0,69.93;0,34.02
0,70.32;0,33.36
0,69.69;0,33.11
0,69.26;0,32.5
0,69.32;0,31.9
0,68.93;0,31.62
0,68.56;0,31.71
0,67.79;0,31.58
0,67.68;0,31.3
0,66.94;0,31.3
0,66.38;0,30.74
0,66.35;0,29.89
0,65.05;0,29.47
0,64.35;0,29.56
0,64.15;0,29.34
0,63.55;0,29.47
0,62.55;0,29.32
0,60.87;0,29.83
0,80.26;0,42.35
0,80.12;0,42.12
0,78.54;0,41.58
0,78.19;0,41.19
0,76.9;0,41.07
0,76.53;0,40.43
0,75.47;0,40.56
0,74.78;0,40.37
0,73.82;0,39.89
0,73.96;0,39.66
0,73.68;0,39.43
0,71.78;0,39.28
0,70.55;0,39.6
0,69.46;0,39.53
0,69.56;0,40.1
0,70.65;0,39.94
0,71.01;0,40.24
0,73.68;0,39.43
0,73.93;0,38.51
0,74.26;0,38.61
0,74.86;0,38.38
0,74.83;0,37.99
0,74.98;0,37.42
0,74.45;0,32.76
0,75.26;0,32.27
0,74.41;0,31.69
0,74.42;0,30.98
0,73.45;0,29.98
0,72.82;0,28.96
0,71.78;0,27.91
0,70.62;0,27.99
0,69.51;0,26.94
0,70.17;0,26.49
0,70.28;0,25.72
0,70.84;0,25.22
0,71.04;0,24.36
0,68.84;0,24.36
0,68.18;0,23.69
0,97.33;0,28.26
0,97.4;0,27.88
0,97.05;0,27.7
0,97.13;0,27.08
0,96.42;0,27.26
0,95.12;0,26.57
0,95.16;0,26
0,94.6;0,25.16
0,94.55;0,24.68
0,94.11;0,23.85
0,93.33;0,24.08
0,93.29;0,23.04
0,93.06;0,22.7
0,93.17;0,22.28
0,92.67;0,22.04
0,92.15;0,23.63
0,91.87;0,23.62
0,91.71;0,22.99
0,91.16;0,23.5
0,91.47;0,24.07
0,91.92;0,24.13
0,92.38;0,24.98
0,91.8;0,25.15
0,90.87;0,25.13
0,89.92;0,25.27
0,89.83;0,25.97
0,89.36;0,26.01
0,88.56;0,26.45
0,88.21;0,25.77
0,88.93;0,25.24
0,88.31;0,24.87
0,88.08;0,24.5
0,88.7;0,24.23
0,88.53;0,23.63
0,88.88;0,22.88
0,89.03;0,22.06
0,88.12;0,27.88
0,86.95;0,27.97
0,85.82;0,28.2
0,85.01;0,28.64
0,84.23;0,28.84
0,83.9;0,29.32
0,83.34;0,29.46
0,82.33;0,30.12
0,81.53;0,30.42
0,81.11;0,30.18
0,88.81;0,27.3
0,89.48;0,28.04
0,90.02;0,28.3
0,90.73;0,28.06
0,91.26;0,28.04
0,91.7;0,27.77
0,92.37;0,20.67
0,92.3;0,21.48
0,92.65;0,21.32
0,92.67;0,22.04
0,97.33;0,28.26
0,97.91;0,28.34
0,98.25;0,27.75
0,98.68;0,27.51
0,98.71;0,26.74
0,98.67;0,25.92
0,97.72;0,25.08
0,97.6;0,23.9
0,98.66;0,24.06
0,98.9;0,23.14
0,99.53;0,22.95
0,99.24;0,22.12
0,99.98;0,21.74
0,100.42;0,21.56
0,101.15;0,21.85
0,101.18;0,21.44
0,100.33;0,20.79
0,100.12;0,20.42
0,99.54;0,20.19
0,98.96;0,19.75
0,98.25;0,19.71
0,97.8;0,18.63
0,97.38;0,18.45
0,97.86;0,17.57
0,98.49;0,16.84
0,98.9;0,16.18
0,98.54;0,15.31
0,98.19;0,15.12
0,98.43;0,14.62
0,99.1;0,13.83
0,99.21;0,13.27
0,99.2;0,12.8
0,99.59;0,11.89
0,99.04;0,10.96
0,98.55;0,9.93
0,100.12;0,20.42
0,100.55;0,20.11
0,100.61;0,19.51
0,101.28;0,19.46
0,101.04;0,18.41
0,101.06;0,17.51
0,102.11;0,18.11
0,102.41;0,17.93
0,103;0,17.96
0,103.2;0,18.31
0,103.96;0,18.24
0,104.72;0,17.43
0,104.78;0,16.44
0,105.59;0,15.57
0,105.54;0,14.72
0,105.22;0,14.27
0,104.28;0,14.42
0,102.99;0,14.23
0,102.35;0,13.39
0,102.58;0,12.19
0,101.18;0,21.44
0,101.27;0,21.2
0,101.8;0,21.17
0,101.65;0,22.32
0,102.17;0,22.46
0,102.75;0,21.68
0,103.2;0,20.77
0,104.44;0,20.76
0,104.82;0,19.89
0,104.18;0,19.62
0,103.9;0,19.27
0,105.09;0,18.67
0,105.93;0,17.49
0,106.56;0,16.6
0,107.31;0,15.91
0,107.56;0,15.2
0,107.38;0,14.2
0,106.5;0,14.57
0,106.04;0,13.88
0,105.22;0,14.27
0,107.38;0,14.2
0,107.61;0,13.54
0,107.49;0,12.34
0,105.81;0,11.57
0,106.25;0,10.96
0,105.2;0,10.89
0,104.33;0,10.49
0,102.17;0,22.46
0,102.71;0,22.71
0,103.5;0,22.7
0,104.48;0,22.82
0,105.33;0,23.35
0,105.81;0,22.98
0,106.73;0,22.79
0,106.57;0,22.22
0,107.04;0,21.81
0,108.05;0,21.55
0,102.14;0,6.22
0,101.81;0,5.81
0,101.15;0,5.69
0,101.08;0,6.2
0,100.26;0,6.64
0,100.09;0,6.46
0,117.88;0,4.14
0,117.02;0,4.31
0,115.87;0,4.31
0,115.52;0,3.17
0,115.13;0,2.82
0,114.62;0,1.43
0,113.81;0,1.22
0,112.86;0,1.5
0,112.38;0,1.41
0,111.8;0,0.9
0,111.16;0,0.98
0,110.51;0,0.77
0,109.83;0,1.34
0,109.66;0,2.01
0,87.36;0,49.22
0,87.75;0,49.3
0,88.01;0,48.6
0,88.85;0,48.07
0,90.28;0,47.69
0,90.97;0,46.89
0,90.59;0,45.72
0,90.95;0,45.29
0,92.13;0,45.12
0,93.48;0,44.98
0,94.69;0,44.35
0,95.31;0,44.24
0,95.76;0,43.32
0,96.35;0,42.73
0,97.45;0,42.75
0,99.52;0,42.52
0,100.85;0,42.66
0,101.83;0,42.51
0,103.31;0,41.91
0,104.52;0,41.91
0,104.97;0,41.6
0,106.13;0,42.13
0,107.74;0,42.48
0,109.24;0,42.52
0,110.41;0,42.87
0,111.13;0,43.41
0,111.83;0,43.74
0,111.67;0,44.07
0,111.35;0,44.46
0,111.87;0,45.1
0,112.44;0,45.01
0,113.46;0,44.81
0,114.46;0,45.34
0,115.99;0,45.73
0,116.72;0,46.39
0,117.42;0,46.67
0,118.87;0,46.81
0,119.66;0,46.69
0,119.77;0,47.05
0,118.87;0,47.75
0,118.06;0,48.07
0,117.3;0,47.7
0,116.31;0,47.85
0,115.74;0,47.73
0,115.49;0,48.14
0,116.19;0,49.13
0,116.68;0,49.89
0,117.88;0,49.51
0,119.29;0,50.14
0,119.28;0,50.58
0,120.18;0,51.64
0,120.74;0,51.96
0,120.73;0,52.52
0,120.18;0,52.75
0,121;0,53.25
0,122.25;0,53.43
0,123.57;0,53.46
0,125.07;0,53.16
0,125.95;0,52.79
0,126.56;0,51.78
0,126.94;0,51.35
0,127.29;0,50.74
0,127.66;0,49.76
0,129.4;0,49.44
0,130.58;0,48.73
0,130.99;0,47.79
0,132.51;0,47.79
0,133.37;0,48.18
0,135.03;0,48.48
0,134.5;0,47.58
0,134.11;0,47.21
0,133.77;0,46.12
0,133.1;0,45.14
0,131.88;0,45.32
0,131.03;0,44.97
0,131.29;0,44.11
0,131.14;0,42.93
0,130.63;0,42.9
0,130.64;0,42.4
0,87.75;0,49.3
0,88.81;0,49.47
0,90.71;0,50.33
0,92.23;0,50.8
0,93.1;0,50.5
0,94.15;0,50.48
0,94.82;0,50.01
0,95.81;0,49.98
0,97.26;0,49.73
0,98.23;0,50.42
0,97.83;0,51.01
0,98.86;0,52.05
0,99.98;0,51.63
0,100.89;0,51.52
0,102.07;0,51.26
0,102.26;0,50.51
0,103.68;0,50.09
0,104.62;0,50.28
0,105.89;0,50.41
0,106.89;0,50.27
0,107.87;0,49.79
0,108.48;0,49.28
0,109.4;0,49.29
0,110.66;0,49.13
0,111.58;0,49.38
0,112.9;0,49.54
0,114.36;0,50.25
0,114.96;0,50.14
0,115.49;0,49.81
0,116.68;0,49.89
0,124.27;0,39.93
0,125.08;0,40.57
0,126.18;0,41.11
0,126.87;0,41.82
0,127.34;0,41.5
0,128.21;0,41.47
0,128.05;0,41.99
0,129.6;0,42.42
0,129.99;0,42.99
0,130.64;0,42.4
0,130.78;0,42.22
0,128.35;0,38.61
0,128.21;0,38.37
0,127.78;0,38.3
0,127.07;0,38.26
0,126.68;0,37.8
0,126.24;0,37.84
0,126.17;0,37.75
0,124.97;0,-8.89
0,125.07;0,-9.09
0,125.09;0,-9.39
0,141;0,-2.6
0,141.02;0,-5.86
0,141.03;0,-9.12
0,11.91;0,-5.04
0,12.32;0,-4.61
0,12.62;0,-4.44
0,13;0,-4.78
0,12.63;0,-4.99
0,12.47;0,-5.25
0,12.44;0,-5.68
0,12.18;0,-5.79
0,19.01;0,44.86
0,19.37;0,44.86
0,19.12;0,44.42
0,19.6;0,44.04
0,19.45;0,43.57
0,19.22;0,43.52
0,19.03;0,43.43
0,18.71;0,43.2
0,18.56;0,42.65
0,48.58;0,41.81
0,47.99;0,41.41
0,47.82;0,41.15
0,47.37;0,41.22
0,46.69;0,41.83
0,46.4;0,41.86
0,42.35;0,37.23
0,41.84;0,36.61
0,41.29;0,36.36
0,41.38;0,35.63
0,41.01;0,34.42
0,38.79;0,33.38
0,36.83;0,32.31
0,35.72;0,32.71
0,35.7;0,32.72
0,35.82;0,33.28
0,35.55;0,33.26
0,35.46;0,33.09
0,35.13;0,33.09
0,32.73;0,35.14
0,32.92;0,35.09
0,33.19;0,35.17
0,33.38;0,35.16
0,33.46;0,35.1
0,33.48;0,35
0,33.53;0,35.04
0,33.68;0,35.02
0,33.87;0,35.09
0,33.97;0,35.06
0,19.22;0,43.52
0,19.48;0,43.35
0,19.63;0,43.21
0,19.96;0,43.11
0,20.34;0,42.9
0,20.26;0,42.81
0,20.07;0,42.59
0,44.97;0,41.25
0,45.18;0,40.99
0,45.56;0,40.81
0,45.36;0,40.56
0,45.89;0,40.22
0,45.61;0,39.9
0,46.03;0,39.63
0,46.48;0,39.46
0,46.51;0,38.77
0,46.14;0,38.74
0,-122.84;0,49
0,-120;0,49
0,-117.03;0,49
0,-116.05;0,49
0,-113;0,49
0,-110.05;0,49
0,-107.05;0,49
0,-104.05;0,49
0,-100.65;0,49
0,-97.23;0,49
0,-95.16;0,49
0,-95.16;0,49.38
0,-94.82;0,49.39
0,-94.64;0,48.84
0,-94.33;0,48.67
0,-93.63;0,48.61
0,-92.61;0,48.45
0,-91.64;0,48.14
0,-90.83;0,48.27
0,-89.6;0,48.01
0,-89.27;0,48.02
0,-88.38;0,48.3
0,-87.44;0,47.94
0,-86.46;0,47.55
0,-85.65;0,47.22
0,-84.88;0,46.9
0,-84.78;0,46.64
0,-84.54;0,46.54
0,-84.6;0,46.44
0,-84.34;0,46.41
0,-84.14;0,46.51
0,-84.09;0,46.28
0,-83.89;0,46.12
0,-83.62;0,46.12
0,-83.47;0,45.99
0,-83.59;0,45.82
0,-82.55;0,45.35
0,-82.34;0,44.44
0,-82.14;0,43.57
0,-82.43;0,42.98
0,-82.9;0,42.43
0,-83.12;0,42.08
0,-83.14;0,41.98
0,-83.03;0,41.83
0,-82.69;0,41.68
0,-82.44;0,41.68
0,-81.28;0,42.21
0,-80.25;0,42.37
0,-78.94;0,42.86
0,-78.92;0,42.97
0,-79.01;0,43.27
0,-79.17;0,43.47
0,-78.72;0,43.63
0,-77.74;0,43.63
0,-76.82;0,43.63
0,-76.5;0,44.02
0,-76.38;0,44.1
0,-75.32;0,44.82
0,-74.87;0,45
0,-73.35;0,45.01
0,-71.51;0,45.01
0,-71.41;0,45.26
0,-71.08;0,45.31
0,-70.66;0,45.46
0,-70.31;0,45.92
0,-70;0,46.69
0,-69.24;0,47.45
0,-68.91;0,47.19
0,-68.23;0,47.35
0,-67.79;0,47.07
0,-67.79;0,45.7
0,-67.14;0,45.14
0,38.41;0,18
0,37.9;0,17.43
0,37.17;0,17.26
0,36.85;0,16.96
0,36.75;0,16.29
0,36.32;0,14.82
0,36.43;0,14.42
0,36.27;0,13.56
0,35.86;0,12.58
0,35.26;0,12.08
0,34.83;0,11.32
0,34.73;0,10.91
0,34.26;0,10.63
0,33.96;0,9.58
0,33.97;0,8.68
0,33.83;0,8.38
0,33.29;0,8.35
0,32.95;0,7.78
0,33.57;0,7.71
0,34.08;0,7.23
0,34.25;0,6.83
0,34.71;0,6.59
0,35.3;0,5.51
0,47.79;0,8
0,44.96;0,5
0,43.66;0,4.96
0,42.77;0,4.25
0,42.13;0,4.23
0,41.86;0,3.92
0,41.86;0,3.92
0,41.17;0,3.92
0,40.77;0,4.26
0,39.85;0,3.84
0,39.56;0,3.42
0,38.89;0,3.5
0,38.67;0,3.62
0,38.44;0,3.59
0,38.12;0,3.6
0,36.86;0,4.45
0,36.16;0,4.45
0,35.82;0,4.78
0,39.2;0,-4.68
0,37.77;0,-3.68
0,37.7;0,-3.1
0,34.07;0,-1.06
0,33.9;0,-0.95
0,33.89;0,0.11
0,34.18;0,0.52
0,34.67;0,1.18
0,35.04;0,1.91
0,34.6;0,3.05
0,34.48;0,3.56
0,34.01;0,4.25
0,-8.67;0,27.66
0,-8.82;0,27.66
0,-8.79;0,27.12
0,-9.41;0,27.09
0,-9.74;0,26.86
0,-10.19;0,26.86
0,-10.55;0,26.99
0,-11.39;0,26.88
0,-11.72;0,26.1
0,-12.03;0,26.03
0,-12.5;0,24.77
0,-13.89;0,23.69
0,-14.22;0,22.31
0,-14.63;0,21.86
0,-14.75;0,21.5
0,-17;0,21.42
0,11.03;0,58.86
0,11.47;0,59.43
0,12.3;0,60.12
0,12.63;0,61.29
0,11.99;0,61.8
0,11.93;0,63.13
0,12.58;0,64.07
0,13.57;0,64.05
0,13.92;0,64.45
0,13.56;0,64.79
0,15.11;0,66.19
0,16.11;0,67.3
0,16.77;0,68.01
0,17.73;0,68.01
0,17.99;0,68.57
0,19.88;0,68.41
0,20.03;0,69.07
0,20.65;0,69.11
0,21.24;0,69.37
0,22.36;0,68.84
0,23.66;0,68.89
0,24.74;0,68.65
0,25.69;0,69.09
0,26.18;0,69.83
0,27.73;0,70.16
0,29.02;0,69.77
0,28.59;0,69.06
0,29.4;0,69.16
0,31.1;0,69.56
0,40.32;0,-10.32
0,39.52;0,-10.9
0,38.43;0,-11.29
0,37.83;0,-11.27
0,37.47;0,-11.57
0,36.78;0,-11.59
0,36.51;0,-11.72
0,35.31;0,-11.44
0,34.56;0,-11.52
0,32.76;0,-9.23
0,33.23;0,-9.68
0,33.49;0,-10.53
0,33.32;0,-10.8
0,33.11;0,-11.61
0,33.31;0,-12.44
0,32.99;0,-12.78
0,32.69;0,-13.71
0,33.21;0,-13.97
0,30.18;0,-14.8
0,30.27;0,-15.51
0,29.52;0,-15.64
0,28.95;0,-16.04
0,28.83;0,-16.39
0,28.47;0,-16.47
0,27.6;0,-17.29
0,27.04;0,-17.94
0,26.71;0,-17.96
0,26.38;0,-17.85
0,25.26;0,-17.74
0,25.08;0,-17.66
0,34.56;0,-11.52
0,34.28;0,-12.28
0,34.56;0,-13.58
0,34.91;0,-13.57
0,35.27;0,-13.89
0,35.69;0,-14.61
0,35.77;0,-15.9
0,35.34;0,-16.11
0,35.03;0,-16.8
0,34.38;0,-16.18
0,34.31;0,-15.48
0,34.52;0,-15.01
0,34.46;0,-14.61
0,34.06;0,-14.36
0,33.79;0,-14.45
0,33.21;0,-13.97
0,30.83;0,3.51
0,30.77;0,2.34
0,31.17;0,2.2
0,30.85;0,1.85
0,30.47;0,1.58
0,30.09;0,1.06
0,29.88;0,0.6
0,29.82;0,-0.21
0,29.59;0,-0.59
0,29.58;0,-1.34
0,29.29;0,-1.62
0,29.25;0,-2.22
0,29.12;0,-2.29
0,29.02;0,-2.84
0,29.28;0,-3.29
0,29.34;0,-4.5
0,29.52;0,-5.42
0,29.42;0,-5.94
0,29.62;0,-6.52
0,30.2;0,-7.08
0,30.74;0,-8.34
0,30.35;0,-8.24
0,29;0,-8.41
0,28.73;0,-8.53
0,28.45;0,-9.16
0,28.67;0,-9.61
0,28.5;0,-10.79
0,28.37;0,-11.79
0,28.64;0,-11.97
0,29.34;0,-12.36
0,29.62;0,-12.18
0,29.7;0,-13.26
0,28.93;0,-13.25
0,28.52;0,-12.7
0,28.16;0,-12.27
0,27.39;0,-12.13
0,27.16;0,-11.61
0,26.55;0,-11.92
0,25.75;0,-11.78
0,25.42;0,-11.33
0,24.78;0,-11.24
0,24.31;0,-11.26
0,24.26;0,-10.95
0,23.91;0,-10.93
0,23.46;0,-10.87
0,22.84;0,-11.02
0,22.4;0,-10.99
0,22.16;0,-11.08
0,22.21;0,-9.89
0,21.88;0,-9.52
0,21.8;0,-8.91
0,21.95;0,-8.31
0,21.75;0,-7.92
0,21.73;0,-7.29
0,20.51;0,-7.3
0,20.6;0,-6.94
0,20.09;0,-6.94
0,20.04;0,-7.12
0,19.42;0,-7.16
0,19.17;0,-7.74
0,19.02;0,-7.99
0,18.46;0,-7.85
0,18.13;0,-7.99
0,17.47;0,-8.07
0,17.09;0,-7.55
0,16.86;0,-7.22
0,16.57;0,-6.62
0,16.33;0,-5.88
0,13.38;0,-5.86
0,13.02;0,-5.98
0,12.74;0,-5.97
0,12.32;0,-6.1
0,30.47;0,-2.41
0,30.53;0,-2.81
0,30.74;0,-3.03
0,30.75;0,-3.36
0,30.51;0,-3.57
0,30.12;0,-4.09
0,29.75;0,-4.45
0,29.34;0,-4.5
0,20.26;0,42.81
0,20.5;0,42.88
0,20.64;0,43.22
0,20.81;0,43.27
0,20.96;0,43.13
0,21.14;0,43.07
0,21.27;0,42.91
0,21.44;0,42.86
0,21.63;0,42.68
0,21.78;0,42.68
0,21.66;0,42.44
0,21.54;0,42.32
0,21.58;0,42.25
0,-71.71;0,18.05
0,-71.69;0,18.32
0,-71.95;0,18.62
0,-71.7;0,18.79
0,-71.62;0,19.17
0,-71.71;0,19.71
0,48.95;0,11.41
0,48.94;0,11.39
0,48.94;0,10.98
0,48.94;0,9.97
0,48.94;0,9.45
0,48.49;0,8.84
0,47.79;0,8
0,-69.59;0,-17.58
0,-69.86;0,-18.09
0,-70.37;0,-18.35
0,34.92;0,29.5
0,34.27;0,31.22
0,35.72;0,32.71
0,35.55;0,32.4
0,35.82;0,33.28
0,36.07;0,33.82
0,36.61;0,34.2
0,36.45;0,34.59
0,36;0,34.64
0,35.55;0,32.4
0,35.55;0,32.39
0,35.18;0,32.53
0,34.97;0,31.87
0,35.23;0,31.75
0,34.97;0,31.62
0,34.93;0,31.35
0,35.4;0,31.49
0,35.4;0,31.48
0,35.7;0,32.72
0,35.84;0,32.87
0,35.82;0,33.28
0,35.82;0,33.28
0,29;0,9.6
0,29.52;0,9.79
0,29.62;0,10.08
0,30;0,10.29
0,30.84;0,9.71
0,31.35;0,9.81
0,31.85;0,10.53
0,32.4;0,11.08
0,32.31;0,11.68
0,32.07;0,11.97
0,32.67;0,12.02
0,32.74;0,12.25
0,33.21;0,12.18
0,33.09;0,11.44
0,33.21;0,10.72
0,33.72;0,10.33
0,33.84;0,9.98
0,33.82;0,9.48
0,33.96;0,9.46
0,23.89;0,8.62
0,24.54;0,8.92
0,24.79;0,9.81
0,25.07;0,10.27
0,25.79;0,10.41
0,25.96;0,10.14
0,26.48;0,9.55
0,26.75;0,9.47
0,27.11;0,9.64
0,27.83;0,9.6
0,34.01;0,4.25
0,33.39;0,3.79
0,32.69;0,3.79
0,31.88;0,3.56
0,31.25;0,3.78
0,30.83;0,3.51
0,29.95;0,4.17
0,29.72;0,4.6
0,29.16;0,4.39
0,28.7;0,4.46
0,28.43;0,4.29
0,27.98;0,4.41
0,27.37;0,5.23
0,27.83;0,9.6
0,27.97;0,9.4
0,28.97;0,9.4
0,29;0,9.6
0,35.3;0,5.51
0,34.62;0,4.85
0,34.01;0,4.25
0,35.82;0,4.78
0,35.82;0,5.34
0,35.3;0,5.51
0,33.94;0,-9.69
0,33.74;0,-9.42
0,32.76;0,-9.23
0,32.19;0,-8.93
0,31.56;0,-8.76
0,31.16;0,-8.59
0,30.74;0,-8.34
0,34.56;0,-11.52
0,34.28;0,-10.16
0,33.94;0,-9.69
0,-2.17;0,35.17
0,-1.79;0,34.53
0,-1.73;0,33.92
0,-1.39;0,32.86
0,-1.12;0,32.65
0,-1.31;0,32.26
0,-1.31;0,32.26
0,-2.62;0,32.09
0,-3.07;0,31.72
0,-3.65;0,31.64
0,-3.69;0,30.9
0,-4.86;0,30.5
0,-5.24;0,30
0,-6.06;0,29.73
0,-7.06;0,29.58
0,-8.67;0,28.84
0,-8.67;0,27.66
0,75.16;0,37.13
0,75.9;0,36.67
0,76.19;0,35.9
0,77.84;0,35.49
0,78.81;0,33.51
0,79.21;0,32.99
0,79.18;0,32.48
0,78.46;0,32.62
0,78.74;0,31.52
0,79.72;0,30.88
0,81.11;0,30.18
0,80.48;0,29.73
0,80.09;0,28.79
0,81.06;0,28.42
0,82;0,27.93
0,83.3;0,27.36
0,84.68;0,27.23
0,85.25;0,26.73
0,86.02;0,26.63
0,87.23;0,26.4
0,88.06;0,26.41
0,88.17;0,26.81
0,88.04;0,27.45
0,88.12;0,27.88
0,88.73;0,28.09
0,88.81;0,27.3
0,88.84;0,27.1
0,89.74;0,26.72
0,90.37;0,26.88
0,91.22;0,26.81
0,92.03;0,26.84
0,92.1;0,27.45
0,91.7;0,27.77
0,77.84;0,35.49
0,78.91;0,34.32
0,78.81;0,33.51
0,91.7;0,27.77
0,92.5;0,27.9
0,93.41;0,28.64
0,94.57;0,29.28
0,95.4;0,29.03
0,96.12;0,29.45
0,96.59;0,28.83
0,96.25;0,28.41
0,97.33;0,28.26
0,-57.15;0,5.97
0,-57.31;0,5.07
0,-57.91;0,4.81
0,-57.86;0,4.58
0,-58.04;0,4.06
0,-57.6;0,3.33
0,-53.96;0,5.76
0,-54.48;0,4.9
0,-54.4;0,4.21
0,-54.01;0,3.62
0,-54.18;0,3.19
0,-57.6;0,3.33
0,-57.28;0,3.33
0,-57.15;0,2.77
0,-56.54;0,1.9
0,-54.18;0,3.19
0,-54.27;0,2.73
0,-54.52;0,2.31
0,42.78;0,10.93
0,42.56;0,10.57
0,42.93;0,10.02
0,43.3;0,9.54
0,43.68;0,9.18
0,46.95;0,8
0,47.79;0,8
0,41.86;0,3.92
0,40.98;0,2.78
0,40.99;0,-0.86
0,41.59;0,-1.68
0,77.84;0,35.49
0,76.87;0,34.65
0,75.76;0,34.5
0,74.24;0,34.75
0,73.75;0,34.32
0,74.1;0,33.44
0,74.45;0,32.76
0,33.44;0,45.97
0,33.7;0,46.22
0,34.41;0,46.01
0,34.73;0,45.97
0,34.86;0,45.77
0,35.01;0,45.74
